function retval = kicad_pcb_mesh()
mesh.x = [ -5.000000 25.000000 29.966650 34.933300 35.033300 36.691700 36.791700 38.808300 38.908300 40.050000 40.782233 41.300000 41.666117 42.550000 43.433883 43.800000 44.317767 45.050000 45.983300 46.083300 46.183456 46.283611 46.383767 46.483922 46.584078 46.684233 46.784389 46.884544 46.984700 47.084856 47.185011 47.285167 47.385322 47.485478 47.585633 47.685789 47.785944 47.886100 47.986256 48.086411 48.186567 48.286722 48.386878 48.487033 48.587189 48.687344 48.787500 48.887656 48.987811 49.087967 49.188122 49.288278 49.388433 49.488589 49.588744 49.688900 49.789056 49.889211 49.989367 50.089522 50.189678 50.289833 50.389989 50.490144 50.590300 50.690456 50.790611 50.890767 50.990922 51.091078 51.191233 51.291389 51.391544 51.491700 51.591700 52.525000 52.825216 53.528661 53.592678 54.274784 54.575000 55.508300 55.608300 60.607800 67.550000 74.492200 79.491700 79.591700 80.525000 80.825216 81.191000 81.293513 81.590514 81.788487 81.891000 82.274784 82.575000 83.508300 83.608300 88.607800 95.550000 102.492200 107.491700 107.591700 108.525000 108.825216 109.191000 109.293513 109.590514 109.788487 109.891000 110.274784 110.575000 111.508300 111.608300 116.607800 123.550000 130.492200 135.491700 135.591700 136.525000 136.825216 137.191000 137.293513 137.590514 137.788487 137.891000 138.274784 138.575000 139.508300 139.608300 144.607800 151.550000 158.492200 163.491700 163.591700 164.525000 164.825216 165.191000 165.293513 165.590514 165.788487 165.891000 166.274784 166.575000 167.508300 167.608300 172.607800 179.550000 186.492200 191.491700 191.591700 192.525000 192.825216 193.191000 193.293513 193.590514 193.788487 193.891000 194.274784 194.575000 195.508300 195.608300 200.607800 207.550000 214.492200 219.491700 219.591700 220.525000 220.825216 221.191000 221.293513 221.590514 221.788487 221.891000 222.274784 222.575000 223.508300 223.608300 228.607800 235.550000 242.492200 247.491700 247.591700 248.525000 248.825216 249.191000 249.293513 249.590514 249.788487 249.891000 250.274784 250.575000 251.508300 251.608300 251.708440 251.808580 251.908720 252.008860 252.109000 252.209140 252.309280 252.409420 252.509560 252.609700 252.709840 252.809980 252.910120 253.010260 253.110400 253.210540 253.310680 253.410820 253.510960 253.611100 253.711240 253.811380 253.911520 254.011660 254.111800 254.211940 254.312080 254.412220 254.512360 254.612500 254.712640 254.812780 254.912920 255.013060 255.113200 255.213340 255.313480 255.413620 255.513760 255.613900 255.714040 255.814180 255.914320 256.014460 256.114600 256.214740 256.314880 256.415020 256.515160 256.615300 256.715440 256.815580 256.915720 257.015860 257.116000 257.216140 257.316280 257.416420 257.516560 257.616700 257.716700 258.650000 259.382233 259.900000 260.266117 261.150000 262.033883 262.400000 262.917767 263.650000 264.691700 264.791700 265.800000 265.900000 266.000000 266.808300 266.908300 268.516700 268.616700  ];
mesh.y = [ -159.066700 -158.966700 -158.508300 -158.408300 -157.600000 -157.500000 -157.400000 -156.391700 -156.291700 -155.250000 -154.517767 -154.000000 -153.633883 -152.750000 -151.866117 -151.500000 -150.982233 -150.250000 -149.316700 -149.216700 -144.217200 -139.175320 -134.133440 -129.091560 -124.049680 -119.007800 -114.008300 -113.908300 -112.975000 -112.674784 -112.284780 -112.182267 -111.895708 -111.831746 -111.665819 -111.564563 -111.225216 -110.925000 -109.991700 -109.891700 -104.892200 -99.157300 -93.422400 -87.687500 -81.952600 -76.217700 -70.482800 -65.483300 -65.383300 -64.450000 -63.717767 -63.200000 -62.833883 -61.950000 -61.066117 -60.700000 -60.182233 -59.450000 -58.508300 -58.408300 -57.593700 -57.493700 -57.306300 -57.206300 -56.391700 -56.291700 -54.983300 -54.883300 -49.883800 -31.941900 -14.000000 5.000000  ];
mesh.z = [ -5.000000 -0.000000 0.200000 0.400000 0.600000 0.800000 1.000000 6.000000  ];
retval = mesh;
endfunction

% Mesh gap sizes:
% X:
% 30.000000 4.966650 4.966650 0.100000 1.658400 0.100000 2.016600 0.100000 1.141700 0.732233 
% 0.517767 0.366117 0.883883 0.883883 0.366117 0.517767 0.732233 0.933300 0.100000 0.100156 
% 0.100156 0.100156 0.100156 0.100156 0.100156 0.100156 0.100156 0.100156 0.100156 0.100156 
% 0.100156 0.100156 0.100156 0.100156 0.100156 0.100156 0.100156 0.100156 0.100156 0.100156 
% 0.100156 0.100156 0.100156 0.100156 0.100156 0.100156 0.100156 0.100156 0.100156 0.100156 
% 0.100156 0.100156 0.100156 0.100156 0.100156 0.100156 0.100156 0.100156 0.100156 0.100156 
% 0.100156 0.100156 0.100156 0.100156 0.100156 0.100156 0.100156 0.100156 0.100156 0.100156 
% 0.100156 0.100156 0.100156 0.100000 0.933300 0.300216 0.703445 0.064016 0.682106 0.300216 
% 0.933300 0.100000 4.999500 6.942200 6.942200 4.999500 0.100000 0.933300 0.300216 0.365784 
% 0.102513 0.297001 0.197973 0.102513 0.383784 0.300216 0.933300 0.100000 4.999500 6.942200 
% 6.942200 4.999500 0.100000 0.933300 0.300216 0.365784 0.102513 0.297001 0.197973 0.102513 
% 0.383784 0.300216 0.933300 0.100000 4.999500 6.942200 6.942200 4.999500 0.100000 0.933300 
% 0.300216 0.365784 0.102513 0.297001 0.197973 0.102513 0.383784 0.300216 0.933300 0.100000 
% 4.999500 6.942200 6.942200 4.999500 0.100000 0.933300 0.300216 0.365784 0.102513 0.297001 
% 0.197973 0.102513 0.383784 0.300216 0.933300 0.100000 4.999500 6.942200 6.942200 4.999500 
% 0.100000 0.933300 0.300216 0.365784 0.102513 0.297001 0.197973 0.102513 0.383784 0.300216 
% 0.933300 0.100000 4.999500 6.942200 6.942200 4.999500 0.100000 0.933300 0.300216 0.365784 
% 0.102513 0.297001 0.197973 0.102513 0.383784 0.300216 0.933300 0.100000 4.999500 6.942200 
% 6.942200 4.999500 0.100000 0.933300 0.300216 0.365784 0.102513 0.297001 0.197973 0.102513 
% 0.383784 0.300216 0.933300 0.100000 0.100140 0.100140 0.100140 0.100140 0.100140 0.100140 
% 0.100140 0.100140 0.100140 0.100140 0.100140 0.100140 0.100140 0.100140 0.100140 0.100140 
% 0.100140 0.100140 0.100140 0.100140 0.100140 0.100140 0.100140 0.100140 0.100140 0.100140 
% 0.100140 0.100140 0.100140 0.100140 0.100140 0.100140 0.100140 0.100140 0.100140 0.100140 
% 0.100140 0.100140 0.100140 0.100140 0.100140 0.100140 0.100140 0.100140 0.100140 0.100140 
% 0.100140 0.100140 0.100140 0.100140 0.100140 0.100140 0.100140 0.100140 0.100140 0.100140 
% 0.100140 0.100140 0.100140 0.100140 0.100000 0.933300 0.732233 0.517767 0.366117 0.883883 
% 0.883883 0.366117 0.517767 0.732233 1.041700 0.100000 1.008300 0.100000 0.100000 0.808300 
% 0.100000 1.608400 0.100000 
% Y:
% 0.100000 0.458400 0.100000 0.808300 0.100000 0.100000 1.008300 0.100000 1.041700 0.732233 
% 0.517767 0.366117 0.883883 0.883883 0.366117 0.517767 0.732233 0.933300 0.100000 4.999500 
% 5.041880 5.041880 5.041880 5.041880 5.041880 4.999500 0.100000 0.933300 0.300216 0.390004 
% 0.102513 0.286559 0.063962 0.165926 0.101257 0.339347 0.300216 0.933300 0.100000 4.999500 
% 5.734900 5.734900 5.734900 5.734900 5.734900 5.734900 4.999500 0.100000 0.933300 0.732233 
% 0.517767 0.366117 0.883883 0.883883 0.366117 0.517767 0.732233 0.941700 0.100000 0.814600 
% 0.100000 0.187400 0.100000 0.814600 0.100000 1.308400 0.100000 4.999500 17.941900 17.941900 
% 19.000000 
% Z:
% 5.000000 0.200000 0.200000 0.200000 0.200000 0.200000 5.000000 

% Mesh gap ratios:
% X:
% 6.040289 1.000000 49.666500 16.584000 16.584000 20.166000 20.166000 11.417000 1.559203 1.414213 
% 1.414212 2.414209 1.000000 2.414209 1.414212 1.414213 1.274594 9.333000 1.001556 1.000000 
% 1.000000 1.000000 1.000000 1.000000 1.000000 1.000000 1.000000 1.000000 1.000000 1.000000 
% 1.000000 1.000000 1.000000 1.000000 1.000000 1.000000 1.000000 1.000000 1.000000 1.000000 
% 1.000000 1.000000 1.000000 1.000000 1.000000 1.000000 1.000000 1.000000 1.000000 1.000000 
% 1.000000 1.000000 1.000000 1.000000 1.000000 1.000000 1.000000 1.000000 1.000000 1.000000 
% 1.000000 1.000000 1.000000 1.000000 1.000000 1.000000 1.000000 1.000000 1.000000 1.000000 
