function retval = kicad_pcb_mesh()
mesh.x = [ -15.950000 -15.850000 -15.745850 -15.641700 -13.868083 -12.094467 -10.320850 -8.547233 -6.773617 -5.000000 -2.058300 -1.958300 -1.025000 -0.738392 -0.528815 -0.200000 -0.141421 0.005000 0.141421 0.200000 0.548815 0.748392 1.025000 1.958300 2.058300 2.160826 2.263352 2.365877 2.468403 2.570929 2.673455 2.775980 2.878506 2.981032 3.083558 3.186083 3.288609 3.391135 3.493661 3.596186 3.698712 3.801238 3.903764 4.006289 4.108815 4.211341 4.313867 4.416392 4.518918 4.621444 4.723970 4.826495 4.929021 5.031547 5.134073 5.236598 5.339124 5.441650 5.544176 5.646702 5.749227 5.851753 5.954279 6.056805 6.159330 6.261856 6.364382 6.466908 6.569433 6.671959 6.774485 6.877011 6.979536 7.082062 7.184588 7.287114 7.389639 7.492165 7.594691 7.697217 7.799742 7.902268 8.004794 8.107320 8.209845 8.312371 8.414897 8.517423 8.619948 8.722474 8.825000 8.927526 9.030052 9.132577 9.235103 9.337629 9.440155 9.542680 9.645206 9.747732 9.850258 9.952783 10.055309 10.157835 10.260361 10.362886 10.465412 10.567938 10.670464 10.772989 10.875515 10.978041 11.080567 11.183092 11.285618 11.388144 11.490670 11.593195 11.695721 11.798247 11.900773 12.003298 12.105824 12.208350 12.310876 12.413402 12.515927 12.618453 12.720979 12.823505 12.926030 13.028556 13.131082 13.233608 13.336133 13.438659 13.541185 13.643711 13.746236 13.848762 13.951288 14.053814 14.156339 14.258865 14.361391 14.463917 14.566442 14.668968 14.771494 14.874020 14.976545 15.079071 15.181597 15.284123 15.386648 15.489174 15.591700 15.695850 15.800000 15.900000 20.450000 25.000000  ];
mesh.y = [ -45.650159 -45.550159 -45.445871 -45.341582 -40.127678 -31.418452 -22.709226 -14.000000 -7.057800 -2.058300 -1.958300 -1.025000 -0.724784 -0.200000 -0.141421 0.009127 0.129838 0.200000 0.305654 0.405654 0.724784 1.025000 1.958300 2.058300 2.318000 2.541185 3.080000 3.618815 3.842000 5.000000 5.634507 6.269015 6.903522 7.538030 8.172537 8.807045 9.441552 10.076060 10.710567 11.345075 11.979582 12.614090 13.248597 13.883104 14.517612 15.152119 15.786627 16.421134 17.055642 17.690149 18.324657 18.959164 19.593672 20.228179 20.862687 21.497194 22.131701 22.766209 23.400716 24.035224 24.669731 25.304239 25.938746 26.573254 27.207761 27.842269 28.476776 29.111284 29.745791 30.380298 31.014806 31.649313 32.283821 32.918328 33.552836 34.187343 34.821851 35.456358 36.090866 36.725373 37.359881 37.994388 38.628896 39.263403 39.897910 40.532418 41.166925 41.801433 42.435940 43.070448 43.704955 44.339463 44.973970 45.608478 46.242985 46.877493 47.512000 48.146507 48.781015 49.415522 50.050030 50.684537 51.319045 51.953552 52.588060 53.222567 53.857075 54.491582 54.595871 54.700159 54.800159  ];
mesh.z = [ -5.000000 -0.000000 0.320000 0.640000 0.960000 1.280000 1.600000 6.000000  ];
retval = mesh;
endfunction

% Mesh gap sizes:
% X:
% 0.100000 0.104150 0.104150 1.773617 1.773617 1.773617 1.773617 1.773617 1.773617 2.941700 
% 0.100000 0.933300 0.286608 0.209577 0.328815 0.058579 0.146421 0.136421 0.058579 0.348815 
% 0.199577 0.276608 0.933300 0.100000 0.102526 0.102526 0.102526 0.102526 0.102526 0.102526 
% 0.102526 0.102526 0.102526 0.102526 0.102526 0.102526 0.102526 0.102526 0.102526 0.102526 
% 0.102526 0.102526 0.102526 0.102526 0.102526 0.102526 0.102526 0.102526 0.102526 0.102526 
% 0.102526 0.102526 0.102526 0.102526 0.102526 0.102526 0.102526 0.102526 0.102526 0.102526 
% 0.102526 0.102526 0.102526 0.102526 0.102526 0.102526 0.102526 0.102526 0.102526 0.102526 
% 0.102526 0.102526 0.102526 0.102526 0.102526 0.102526 0.102526 0.102526 0.102526 0.102526 
% 0.102526 0.102526 0.102526 0.102526 0.102526 0.102526 0.102526 0.102526 0.102526 0.102526 
% 0.102526 0.102526 0.102526 0.102526 0.102526 0.102526 0.102526 0.102526 0.102526 0.102526 
% 0.102526 0.102526 0.102526 0.102526 0.102526 0.102526 0.102526 0.102526 0.102526 0.102526 
% 0.102526 0.102526 0.102526 0.102526 0.102526 0.102526 0.102526 0.102526 0.102526 0.102526 
% 0.102526 0.102526 0.102526 0.102526 0.102526 0.102526 0.102526 0.102526 0.102526 0.102526 
% 0.102526 0.102526 0.102526 0.102526 0.102526 0.102526 0.102526 0.102526 0.102526 0.102526 
% 0.102526 0.102526 0.102526 0.102526 0.102526 0.102526 0.102526 0.102526 0.102526 0.102526 
% 0.102526 0.102526 0.102526 0.102526 0.102526 0.102526 0.104150 0.104150 0.100000 4.550000 
% 4.550000 
% Y:
% 0.100000 0.104289 0.104289 5.213904 8.709226 8.709226 8.709226 6.942200 4.999500 0.100000 
% 0.933300 0.300216 0.524784 0.058579 0.150548 0.120711 0.070162 0.105654 0.100000 0.319130 
% 0.300216 0.933300 0.100000 0.259700 0.223185 0.538815 0.538815 0.223185 1.158000 0.634507 
% 0.634507 0.634507 0.634507 0.634507 0.634507 0.634507 0.634507 0.634507 0.634507 0.634507 
% 0.634507 0.634507 0.634507 0.634507 0.634507 0.634507 0.634507 0.634507 0.634507 0.634507 
% 0.634507 0.634507 0.634507 0.634507 0.634507 0.634507 0.634507 0.634507 0.634507 0.634507 
% 0.634507 0.634507 0.634507 0.634507 0.634507 0.634507 0.634507 0.634507 0.634507 0.634507 
% 0.634507 0.634507 0.634507 0.634507 0.634507 0.634507 0.634507 0.634507 0.634507 0.634507 
% 0.634507 0.634507 0.634507 0.634507 0.634507 0.634507 0.634507 0.634507 0.634507 0.634507 
% 0.634507 0.634507 0.634507 0.634507 0.634507 0.634507 0.634507 0.634507 0.634507 0.634507 
% 0.634507 0.634507 0.634507 0.634507 0.634507 0.634507 0.634507 0.104289 0.104289 0.100000 
% Z:
% 5.000000 0.320000 0.320000 0.320000 0.320000 0.320000 4.400000 

% Mesh gap ratios:
% X:
% 1.041500 1.000000 17.029445 1.000000 1.000000 1.000000 1.000000 1.000000 1.658588 29.417000 
% 9.333000 3.256364 1.367555 1.568946 5.613189 2.499548 1.073302 2.328838 5.954608 1.747772 
% 1.385971 3.374089 9.333000 1.025258 1.000000 1.000000 1.000000 1.000000 1.000000 1.000000 
% 1.000000 1.000000 1.000000 1.000000 1.000000 1.000000 1.000000 1.000000 1.000000 1.000000 
% 1.000000 1.000000 1.000000 1.000000 1.000000 1.000000 1.000000 1.000000 1.000000 1.000000 
% 1.000000 1.000000 1.000000 1.000000 1.000000 1.000000 1.000000 1.000000 1.000000 1.000000 
% 1.000000 1.000000 1.000000 1.000000 1.000000 1.000000 1.000000 1.000000 1.000000 1.000000 
% 1.000000 1.000000 1.000000 1.000000 1.000000 1.000000 1.000000 1.000000 1.000000 1.000000 
% 1.000000 1.000000 1.000000 1.000000 1.000000 1.000000 1.000000 1.000000 1.000000 1.000000 
% 1.000000 1.000000 1.000000 1.000000 1.000000 1.000000 1.000000 1.000000 1.000000 1.000000 
% 1.000000 1.000000 1.000000 1.000000 1.000000 1.000000 1.000000 1.000000 1.000000 1.000000 
% 1.000000 1.000000 1.000000 1.000000 1.000000 1.000000 1.000000 1.000000 1.000000 1.000000 
% 1.000000 1.000000 1.000000 1.000000 1.000000 1.000000 1.000000 1.000000 1.000000 1.000000 
% 1.000000 1.000000 1.000000 1.000000 1.000000 1.000000 1.000000 1.000000 1.000000 1.000000 
% 1.000000 1.000000 1.000000 1.000000 1.000000 1.000000 1.000000 1.000000 1.000000 1.000000 
% 1.000000 1.000000 1.000000 1.000000 1.000000 1.015842 1.000000 1.041500 45.500000 1.000000 
% 
% Y:
% 1.042885 1.000000 49.995000 1.670385 1.000000 1.000000 1.254534 1.388579 49.995000 9.333000 
% 3.108762 1.748021 8.958569 2.569999 1.247182 1.720442 1.505847 1.056540 3.191300 1.063001 
% 3.108762 9.333000 2.597000 1.163609 2.414208 1.000000 2.414208 5.188521 1.825038 1.000000 
% 1.000000 1.000000 1.000000 1.000000 1.000000 1.000000 1.000000 1.000000 1.000000 1.000000 
% 1.000000 1.000000 1.000000 1.000000 1.000000 1.000000 1.000000 1.000000 1.000000 1.000000 
% 1.000000 1.000000 1.000000 1.000000 1.000000 1.000000 1.000000 1.000000 1.000000 1.000000 
% 1.000000 1.000000 1.000000 1.000000 1.000000 1.000000 1.000000 1.000000 1.000000 1.000000 
% 1.000000 1.000000 1.000000 1.000000 1.000000 1.000000 1.000000 1.000000 1.000000 1.000000 
% 1.000000 1.000000 1.000000 1.000000 1.000000 1.000000 1.000000 1.000000 1.000000 1.000000 
% 1.000000 1.000000 1.000000 1.000000 1.000000 1.000000 1.000000 1.000000 1.000000 1.000000 
% 1.000000 1.000000 1.000000 1.000000 1.000000 1.000000 6.084155 1.000000 1.042885 
% Z:
